POTD_object23,0,144,0033F6EC,0,1,1,4294967295,0,0
POTD_object23,0,176,0024599B,0,1,1,4294967295,0,0
POTD_Jordan,48,160,0021F25D,0,1,1,4294967295,0,0
POTD_object1,0,112,000CEAE1,0,1,1,4294967295,0,0
POTD_object1,32,112,003F38C3,0,1,1,4294967295,0,0
POTD_object1,64,112,0035ACA6,0,1,1,4294967295,0,0
POTD_object1,0,208,001158F1,0,1,1,4294967295,0,0
POTD_object1,32,208,00004EB4,0,1,1,4294967295,0,0
POTD_object1,64,208,000648CD,0,1,1,4294967295,0,0
POTD_object1,96,240,003F236E,0,1,1,4294967295,0,0
POTD_object1,128,272,00190762,0,1,1,4294967295,0,0
POTD_object1,96,112,000229CF,0,1,1,4294967295,0,0
POTD_object1,128,112,003E7F0A,0,1,1,4294967295,0,0
POTD_object1,160,144,00380509,0,1,1,4294967295,0,0
POTD_object1,192,176,003043FE,0,1,1,4294967295,0,0
POTD_object1,224,208,0004A900,0,1,1,4294967295,0,0
POTD_object1,160,304,00268CF8,0,1,1,4294967295,0,0
POTD_object1,192,336,0023CEB8,0,1,1,4294967295,0,0
POTD_object1,224,336,003543F2,0,1,1,4294967295,0,0
POTD_object1,256,336,0010884A,0,1,1,4294967295,0,0
POTD_object1,288,336,000EE3B1,0,1,1,4294967295,0,0
POTD_object1,320,336,003A3F98,0,1,1,4294967295,0,0
POTD_object1,320,304,0030D1B6,0,1,1,4294967295,0,0
POTD_object1,320,272,00018EA0,0,1,1,4294967295,0,0
POTD_object1,320,240,00243DCA,0,1,1,4294967295,0,0
POTD_object1,320,208,002DF8DE,0,1,1,4294967295,0,0
POTD_object1,320,176,00375586,0,1,1,4294967295,0,0
POTD_object1,320,144,0019083A,0,1,1,4294967295,0,0
POTD_object1,288,128,00247E8A,0,1,1,4294967295,0,0
POTD_object1,256,96,00036C8E,0,1,1,4294967295,0,0
POTD_object1,144,80,0012700C,0,1,1,4294967295,0,0
POTD_object1,144,48,003AD431,0,1,1,4294967295,0,0
POTD_object1,144,16,00311F9A,0,1,1,4294967295,0,0
POTD_object1,144,0,0034944E,0,1,1,4294967295,0,0
POTD_object1,176,0,002FCFB4,0,1,1,4294967295,0,0
POTD_object1,208,0,003EB62D,0,1,1,4294967295,0,0
POTD_object1,240,0,003F63A2,0,1,1,4294967295,0,0
POTD_object1,272,0,002F626C,0,1,1,4294967295,0,0
POTD_object1,304,0,001C19C2,0,1,1,4294967295,0,0
POTD_object1,336,0,000B7BAA,0,1,1,4294967295,0,0
POTD_object1,368,0,003BA0A8,0,1,1,4294967295,0,0
POTD_object1,400,32,001361D4,0,1,1,4294967295,0,0
POTD_object1,432,64,002B2E7E,0,1,1,4294967295,0,0
POTD_object1,448,96,00038C0F,0,1,1,4294967295,0,0
POTD_object1,448,128,0001AA97,0,1,1,4294967295,0,0
POTD_Boss_key,32,272,001748DA,0,1,1,4294967295,0,0
POTD_object1,480,144,0031F865,0,1,1,4294967295,0,0
POTD_object1,512,144,0018077A,0,1,1,4294967295,0,0
POTD_object1,544,144,001E6E2C,0,1,1,4294967295,0,0
POTD_object1,576,160,00184A8C,0,1,1,4294967295,0,0
POTD_object1,608,160,001212ED,0,1,1,4294967295,0,0
POTD_object1,608,256,002C6CEB,0,1,1,4294967295,0,0
POTD_object1,576,256,001A1BAD,0,1,1,4294967295,0,0
POTD_object1,544,256,00230E77,0,1,1,4294967295,0,0
POTD_object1,320,448,0020179B,0,1,1,4294967295,0,0
POTD_object1,320,432,00400F76,0,1,1,4294967295,0,0
POTD_object1,512,256,00246780,0,1,1,4294967295,0,0
POTD_object1,480,256,00133408,0,1,1,4294967295,0,0
POTD_object1,448,256,003E493F,0,1,1,4294967295,0,0
POTD_object1,416,256,00241AC9,0,1,1,4294967295,0,0
POTD_object1,416,288,003F4F60,0,1,1,4294967295,0,0
POTD_object1,352,336,003A8C0C,0,1,1,4294967295,0,0
POTD_object1,352,448,001952B4,0,1,1,4294967295,0,0
POTD_object1,384,448,0016A71B,0,1,1,4294967295,0,0
POTD_object1,544,288,001EF988,0,1,1,4294967295,0,0
POTD_object1,544,320,000BAAEC,0,1,1,4294967295,0,0
POTD_object1,544,352,00018427,0,1,1,4294967295,0,0
POTD_object1,544,384,00278314,0,1,1,4294967295,0,0
POTD_object1,480,288,0001F8E6,0,1,1,4294967295,0,0
POTD_object1,480,320,001CC5D9,0,1,1,4294967295,0,0
POTD_object1,480,352,00291605,0,1,1,4294967295,0,0
POTD_guard_ghosts,320,368,001F9F63,0,1,1,4294967295,0,0
POTD_guard_ghosts,320,400,00123EB2,0,1,1,4294967295,0,0
POTD_object20,592,304,00199717,0,1,1,4294967295,0,0
POTD_object21,608,208,002485A2,0,1,1,4294967295,0,0
POTD_Boss_door,576,192,00326B8D,0,1,1,4294967295,0,0
POTD_Boss_door,576,224,0033D683,0,1,1,4294967295,0,0
POTD_object21,256,304,001B9CE5,0,1,1,4294967295,0,0
