CaveExample_Jordan,48,64,0035AC89,0,1,1,4294967295,0,0
CaveExample_object1,0,0,001125E3,0,1,1,4294967295,0,0
CaveExample_object1,0,96,002AF0BB,0,1,1,4294967295,0,0
CaveExample_object1,0,128,0001CF7B,0,1,1,4294967295,0,0
CaveExample_object1,0,160,0023D7A4,0,1,1,4294967295,0,0
CaveExample_object1,0,192,00397E62,0,1,1,4294967295,0,0
CaveExample_object1,0,224,0020A17C,0,1,1,4294967295,0,0
CaveExample_object1,0,256,003816F0,0,1,1,4294967295,0,0
CaveExample_object1,0,288,002D9D83,0,1,1,4294967295,0,0
CaveExample_object1,0,320,003323F6,0,1,1,4294967295,0,0
CaveExample_object1,32,320,000B35E3,0,1,1,4294967295,0,0
CaveExample_object1,128,288,0012BBA9,0,1,1,4294967295,0,0
CaveExample_object1,144,256,0028845B,0,1,1,4294967295,0,0
CaveExample_object1,160,224,00229732,0,1,1,4294967295,0,0
CaveExample_object1,192,160,0027A54A,0,1,1,4294967295,0,0
CaveExample_object1,224,160,0014BC84,0,1,1,4294967295,0,0
CaveExample_object1,224,128,002F6600,0,1,1,4294967295,0,0
CaveExample_object1,224,0,00068E15,0,1,1,4294967295,0,0
CaveExample_object1,224,32,003C80CE,0,1,1,4294967295,0,0
CaveExample_object1,160,288,00122A59,0,1,1,4294967295,0,0
CaveExample_object1,160,320,0012320C,0,1,1,4294967295,0,0
CaveExample_object1,160,352,00367019,0,1,1,4294967295,0,0
CaveExample_object1,160,384,000C1DA5,0,1,1,4294967295,0,0
CaveExample_object1,160,416,00157EBE,0,1,1,4294967295,0,0
CaveExample_object1,160,448,00288BBD,0,1,1,4294967295,0,0
CaveExample_object1,128,448,00054FF1,0,1,1,4294967295,0,0
CaveExample_object1,96,448,0007D805,0,1,1,4294967295,0,0
CaveExample_object1,64,448,0007A0E8,0,1,1,4294967295,0,0
CaveExample_object1,32,448,0036911F,0,1,1,4294967295,0,0
CaveExample_object1,0,448,000E8B02,0,1,1,4294967295,0,0
CaveExample_object1,0,416,003D2B94,0,1,1,4294967295,0,0
CaveExample_object1,0,384,0003BA28,0,1,1,4294967295,0,0
CaveExample_object1,0,352,002B0217,0,1,1,4294967295,0,0
CaveExample_object4,96,400,00322952,0,1,1,4294967295,0,0
CaveExample_object3,224,96,000A7A7E,0,1,1,4294967295,0,0
CaveExample_object3,224,64,000C6981,0,1,1,4294967295,0,0
CaveExample_object1,256,128,0006C81C,0,1,1,4294967295,0,0
CaveExample_object1,288,128,0027B04E,0,1,1,4294967295,0,0
CaveExample_object1,256,32,00384FA6,0,1,1,4294967295,0,0
CaveExample_object1,288,32,002A7CEC,0,1,1,4294967295,0,0
CaveExample_object1,304,160,00122487,0,1,1,4294967295,0,0
CaveExample_object1,320,32,0013885D,0,1,1,4294967295,0,0
CaveExample_object1,352,32,0019E568,0,1,1,4294967295,0,0
CaveExample_object1,384,64,000B2B4D,0,1,1,4294967295,0,0
CaveExample_object1,400,96,00111079,0,1,1,4294967295,0,0
CaveExample_object1,400,128,001CD586,0,1,1,4294967295,0,0
CaveExample_object1,400,160,003BAE40,0,1,1,4294967295,0,0
CaveExample_object1,400,192,0006F09A,0,1,1,4294967295,0,0
CaveExample_object1,400,224,003CE64B,0,1,1,4294967295,0,0
CaveExample_object1,400,256,0013F295,0,1,1,4294967295,0,0
CaveExample_object1,320,192,001F28C5,0,1,1,4294967295,0,0
CaveExample_object1,400,288,0004167B,0,1,1,4294967295,0,0
CaveExample_object1,368,288,0011EECC,0,1,1,4294967295,0,0
CaveExample_object1,336,288,0009889D,0,1,1,4294967295,0,0
CaveExample_object1,304,288,002931EE,0,1,1,4294967295,0,0
CaveExample_object1,272,288,00002498,0,1,1,4294967295,0,0
CaveExample_object1,288,208,0019933D,0,1,1,4294967295,0,0
CaveExample_object1,256,208,000339F7,0,1,1,4294967295,0,0
CaveExample_object1,224,208,00255789,0,1,1,4294967295,0,0
CaveExample_object1,192,208,0014CD0F,0,1,1,4294967295,0,0
CaveExample_object1,176,192,001CDDA5,0,1,1,4294967295,0,0
CaveExample_object1,192,384,000E4606,0,1,1,4294967295,0,0
CaveExample_object1,224,384,001F960E,0,1,1,4294967295,0,0
CaveExample_object1,256,384,001F80DD,0,1,1,4294967295,0,0
CaveExample_object1,288,384,00094B04,0,1,1,4294967295,0,0
CaveExample_object1,320,384,003EA743,0,1,1,4294967295,0,0
CaveExample_object1,352,384,001BA28B,0,1,1,4294967295,0,0
CaveExample_object1,384,384,0003C0D0,0,1,1,4294967295,0,0
CaveExample_object1,416,384,00171904,0,1,1,4294967295,0,0
CaveExample_object1,32,0,00393ECD,0,1,1,4294967295,0,0
CaveExample_object1,64,0,0006454D,0,1,1,4294967295,0,0
CaveExample_object1,96,0,000EA389,0,1,1,4294967295,0,0
CaveExample_object1,128,0,0013EEC2,0,1,1,4294967295,0,0
CaveExample_object1,160,0,003A380D,0,1,1,4294967295,0,0
CaveExample_object1,192,0,000BF575,0,1,1,4294967295,0,0
CaveExample_object1,448,400,0010FC22,0,1,1,4294967295,0,0
CaveExample_object1,512,400,0007573C,0,1,1,4294967295,0,0
CaveExample_object1,480,416,0012B7A1,0,1,1,4294967295,0,0
CaveExample_object1,544,400,000E4973,0,1,1,4294967295,0,0
CaveExample_object1,576,400,001A61C6,0,1,1,4294967295,0,0
CaveExample_object1,608,400,0031D343,0,1,1,4294967295,0,0
CaveExample_object1,432,288,0031615C,0,1,1,4294967295,0,0
CaveExample_object1,464,288,00053E84,0,1,1,4294967295,0,0
CaveExample_object1,496,288,0008F988,0,1,1,4294967295,0,0
CaveExample_object1,528,288,00395097,0,1,1,4294967295,0,0
CaveExample_object1,560,288,000F8608,0,1,1,4294967295,0,0
CaveExample_object1,592,288,00260EFF,0,1,1,4294967295,0,0
CaveExample_object1,624,288,00378F94,0,1,1,4294967295,0,0
CaveExample_object21,608,336,0028FA30,0,1,1,4294967295,0,0
CaveExample_object23,0,64,0038E60F,0,1,1,4294967295,0,0
CaveExample_object23,0,32,0039F094,0,1,1,4294967295,0,0
CaveExample_object21,80,96,001D7571,0,1,1,4294967295,0,0
