CaveExample_object1,0,0,0019A235,0,1,1,4294967295,0,0
CaveExample_object1,0,32,000D70D0,0,1,1,4294967295,0,0
CaveExample_object23,0,64,00345E3A,0,1,1,4294967295,0,0
CaveExample_object23,0,96,0021D07B,0,1,1,4294967295,0,0
CaveExample_object1,0,128,001458E5,0,1,1,4294967295,0,0
CaveExample_object1,0,160,00318A28,0,1,1,4294967295,0,0
CaveExample_object1,0,192,001DF585,0,1,1,4294967295,0,0
CaveExample_object1,0,224,0039B2D8,0,1,1,4294967295,0,0
CaveExample_object1,0,256,000F1928,0,1,1,4294967295,0,0
CaveExample_object1,0,288,00068631,0,1,1,4294967295,0,0
CaveExample_object1,0,320,00402AD1,0,1,1,4294967295,0,0
CaveExample_object1,0,352,00376B95,0,1,1,4294967295,0,0
CaveExample_object1,0,384,00091899,0,1,1,4294967295,0,0
CaveExample_object1,0,416,0038A167,0,1,1,4294967295,0,0
CaveExample_object1,0,448,0010EE28,0,1,1,4294967295,0,0
CaveExample_object1,32,448,002D4D30,0,1,1,4294967295,0,0
CaveExample_object1,64,448,00155EB9,0,1,1,4294967295,0,0
CaveExample_object1,96,448,002C9618,0,1,1,4294967295,0,0
CaveExample_object1,128,448,001D3E1A,0,1,1,4294967295,0,0
CaveExample_object1,160,448,00200F8B,0,1,1,4294967295,0,0
CaveExample_object1,192,448,001D4B6A,0,1,1,4294967295,0,0
CaveExample_object1,224,448,003C11CC,0,1,1,4294967295,0,0
CaveExample_object1,256,448,0004BAD0,0,1,1,4294967295,0,0
CaveExample_object1,288,448,0007F02F,0,1,1,4294967295,0,0
CaveExample_object1,320,448,00227B63,0,1,1,4294967295,0,0
CaveExample_object1,352,448,002800C3,0,1,1,4294967295,0,0
CaveExample_object1,384,448,001B9B28,0,1,1,4294967295,0,0
CaveExample_object1,416,448,003DDB04,0,1,1,4294967295,0,0
CaveExample_object1,448,448,001A0A37,0,1,1,4294967295,0,0
CaveExample_object1,480,448,000EB777,0,1,1,4294967295,0,0
CaveExample_object1,512,448,000E9B89,0,1,1,4294967295,0,0
CaveExample_object1,544,448,00010356,0,1,1,4294967295,0,0
CaveExample_object1,576,448,000CF176,0,1,1,4294967295,0,0
CaveExample_object1,608,448,0038E0AA,0,1,1,4294967295,0,0
CaveExample_object1,608,416,000200F9,0,1,1,4294967295,0,0
CaveExample_object1,608,384,001AA46F,0,1,1,4294967295,0,0
CaveExample_object1,608,352,00383788,0,1,1,4294967295,0,0
CaveExample_object1,608,288,0024A352,0,1,1,4294967295,0,0
CaveExample_object1,608,256,002A38D3,0,1,1,4294967295,0,0
CaveExample_object1,608,224,0024568A,0,1,1,4294967295,0,0
CaveExample_object1,608,192,0036DBF5,0,1,1,4294967295,0,0
CaveExample_object1,608,160,00099A49,0,1,1,4294967295,0,0
CaveExample_object1,608,128,003290D5,0,1,1,4294967295,0,0
CaveExample_object1,608,96,001ABEE7,0,1,1,4294967295,0,0
CaveExample_object1,608,64,0013B3CC,0,1,1,4294967295,0,0
CaveExample_object1,608,32,00175381,0,1,1,4294967295,0,0
CaveExample_object1,608,0,0016DCDB,0,1,1,4294967295,0,0
CaveExample_object1,576,0,0024CF85,0,1,1,4294967295,0,0
CaveExample_object1,544,0,002AC276,0,1,1,4294967295,0,0
CaveExample_object1,512,0,00083D59,0,1,1,4294967295,0,0
CaveExample_object1,480,0,00207686,0,1,1,4294967295,0,0
CaveExample_object1,448,0,00104373,0,1,1,4294967295,0,0
CaveExample_object1,416,0,00155101,0,1,1,4294967295,0,0
CaveExample_object1,384,0,00314C98,0,1,1,4294967295,0,0
CaveExample_object1,352,0,00099A2A,0,1,1,4294967295,0,0
CaveExample_object1,320,0,001416B2,0,1,1,4294967295,0,0
CaveExample_object1,288,0,002FBBD9,0,1,1,4294967295,0,0
CaveExample_object1,256,0,0000D5E1,0,1,1,4294967295,0,0
CaveExample_object1,224,0,001D4AE3,0,1,1,4294967295,0,0
CaveExample_object1,192,0,003507CB,0,1,1,4294967295,0,0
CaveExample_object1,160,0,000DA45D,0,1,1,4294967295,0,0
CaveExample_object1,128,0,003AA2B2,0,1,1,4294967295,0,0
CaveExample_object1,96,0,00322248,0,1,1,4294967295,0,0
CaveExample_object1,64,0,003D4D92,0,1,1,4294967295,0,0
CaveExample_object1,32,0,000E6EFC,0,1,1,4294967295,0,0
CaveExample_Jordan,48,80,003E8EAC,0,1,1,4294967295,0,0
CaveExample_boss_1,352,304,00373088,0,1,1,4294967295,0,0
CaveExample_object1,608,320,00063840,0,1,1,4294967295,0,0
